loading indexes
index
loading quad tree from file
1	0.22189604558798148	0.16880883849590558	ltd
result 15
[259, 261, 262, 263, 240, 242, 243, 245, 247, 248, 249, 250, 252, 253, 254]
2	0.22523072200157265	0.10011318175065066	lin
result 20
[128, 160, 129, 161, 130, 131, 132, 133, 134, 135, 137, 138, 141, 155, 156, 157, 126, 158, 127, 159]
3	0.0986933747769521	0.45772701527477255	bay
result 6
[745, 746, 747, 748, 750, 751]
4	0.48084191945355836	0.48440543171156436	park
result 12
[17440, 17456, 17457, 17458, 17398, 17399, 17450, 17451, 17452, 17453, 17439, 17455]
null
type 	 count 	 time 	 avg 
P 	 4 	 25 	 6.25
S 	 3 	 10 	 3.3333333333333335
SSE 	 1 	 3 	 3.0
